"0x57899875c4457313": #content/camera.entity:
  asset_name: "content/camera"
  asset_type: "entity"
  components:
    transform:
      position.x: 0.000000
      position.y: 0.000000
      position.z: 10.000000
      rotation.x: 0.000000
      rotation.y: 0.000000
      rotation.z: 0.000000
      scale.x: 1.000000
      scale.y: 1.000000
      scale.z: 1.000000
    camera:
      near: 0.1
      far: 1000.0
      fov: 60
