content/entity11.entity:
  PREFAB: content/entity10.entity
  components:
    transform:
      position.x: 0.000000
      position.y: 0.000000
      position.z: 0.000000
      rotation.x: 0.000000
      rotation.y: 0.000000
      rotation.z: 0.000000
      scale.x: 1.000000
      scale.y: 1.000000
      scale.z: 1.000000

  children:
    "e432c0ed88dd461e81f50973ffb00263":
      components:
        transform:
          position.x: 0.000000
          position.y: 0.000000
          position.z: 10.000000
          rotation.x: 0.000000
          rotation.y: 0.000000
          rotation.z: 0.000000
          scale.x: 1.000000
          scale.y: 1.000000
          scale.z: 1.000000